date      KO       IBM     CAT VW   EW  SP
19610131 0.009331 0.072513 0 0.063952 0.082048 0.063156
19610228 0.103236 0.0625 0.256198 0.037005 0.06013 0.02687
19610330 0.012291 0.02963 -0.088816 0.03061 0.049888 0.025536
19610428 -0.05 0.027338 -0.054152 0.005645 0.009487 0.003843
19610531 0.087719 0.027521 0.188462 0.025894 0.041572 0.019139
19610630 -0.058065 -0.026612 -0.009709 -0.028499 -0.042415 -0.028846
19610731 0.008621 0.024185 0.019608 0.029955 0.011517 0.032797
19610831 0.022792 0.067967 0.067742 0.026854 0.021358 0.019623
19610929 0.03454 0.035611 -0.081571 -0.01999 -0.029686 -0.019686
19611031 0.00542 0.092007 -0.019737 0.027331 0.020988 0.028323
19611130 0.125067 -0.011745 0.016892 0.045451 0.046461 0.039347
19611229 -0.00241 -0.001724 0.016611 0.000713 -0.003757 0.003225
19620131 -0.099034 -0.063903 0.078431 -0.036147 -0.007807 -0.037876
19620228 -0.016086 -0.007841 -0.015244 0.019512 0.015405 0.01627
19620330 0.041962 -0.007914 0.012384 -0.004688 -0.006241 -0.00586
19620430 -0.026316 -0.147818 -0.125382 -0.063435 -0.068134 -0.06197
19620531 -0.091892 -0.133811 -0.03169 -0.08462 -0.098186 -0.08599
19620629 -0.082143 -0.135669 -0.072727 -0.082615 -0.085125 -0.081838
19620731 0.120915 0.140752 0.003922 0.065438 0.064 0.063562
19620831 -0.007289 0.02584 0.106299 0.023414 0.037061 0.015284
19620928 -0.070778 -0.107886 -0.103203 -0.050154 -0.06383 -0.048207
19621031 0.012739 -0.021216 0.051587 0.002184 -0.039528 0.004443
19621130 0.092453 0.153902 0.098859 0.110137 0.121176 0.101557
19621231 -0.011594 -0.02133 0.034602 0.011865 -0.025561 0.013492
19630131 0.058651 0.086538 0.036789 0.051848 0.08914 0.049128
19630228 -0.00277 -0.054277 -0.090909 -0.021931 -0.014477 -0.028852
19630329 0.046389 0.053158 0.042857 0.032917 0.012027 0.035464
19630430 -0.010695 0.101544 0.028767 0.047439 0.02689 0.04852
19630531 0.005405 0.031267 0.191275 0.020051 0.032306 0.014327
19630628 0.015323 -0.085909 -0.028169 -0.01803 -0.010383 -0.020198
19630731 0.018667 -0.004011 0.012754 -0.001718 -0.006304 -0.00346
19630830 0.070681 0.025892 0.034582 0.052684 0.042305 0.048749
19630930 0.004156 0.016301 -0.036212 -0.011898 -0.010373 -0.011034
19631031 0.014706 0.09292 0.082081 0.027708 0.012208 0.032218
19631129 0.019807 -0.015182 0.013441 -0.005549 -0.016139 -0.010539
19631231 0.102503 0.044822 0.018568 0.021736 -0.004228 0.024444
19640131 0.021622 0.069034 0.097396 0.02579 0.032092 0.026926
19640228 0.003175 0.052122 0.0358 0.017207 0.025173 0.009865
19640331 0.067511 0.044376 0.133641 0.017636 0.02551 0.015167
19640430 0.005964 -0.040387 -0.017886 0.004608 0.001004 0.006077
19640528 0.009881 0.05491 0.03125 0.017403 0.007507 0.011452
19640630 0.034247 -0.00625 0.060606 0.01508 0.010411 0.016424
19640731 0.050428 -0.031447 0.057524 0.020118 0.030161 0.01824
19640831 -0.009058 -0.043831 -0.021739 -0.011266 -0.006038 -0.01623
19640930 -0.007313 -0.009081 0.051852 0.03048 0.038248 0.028718
19641030 -0.033333 -0.037801 0.069014 0.008869 0.018821 0.008078
19641130 0.032567 -0.014881 0.112583 0.003089 -0.000516 -0.005185
19641231 0.050373 -0.007273 -0.017857 0.00369 -0.012365 0.003909
19650129 0.094139 0.095238 -0.009091 0.038646 0.071403 0.033156
19650226 0.022727 0.019509 0.089231 0.006946 0.032315 -0.001485
19650331 -0.062857 -0.003291 -0.079096 -0.009715 0.015393 -0.014526
19650430 0.074957 0.067694 0.128834 0.033652 0.04156 0.034239
19650528 -0.001585 -0.01134 -0.032787 -0.00435 -0.005845 -0.007743
19650630 -0.018413 -0.041841 -0.028249 -0.051868 -0.083718 -0.048632
19650730 0.001626 0.045852 -0.034884 0.016759 0.028633 0.013433
19650831 0.019481 0.044885 0.063636 0.030883 0.041844 0.022522
19650930 0.005414 0.027054 0.065527 0.031952 0.02742 0.032006
19651029 -0.015924 0.04 0.064171 0.029271 0.058679 0.027345
19651130 0.057282 -0.012195 0.073232 0.003065 0.046544 -0.008764
19651231 0.058462 -0.049524 -0.063529 0.013545 0.042981 0.008951
19660131 -0.002907 -0.006012 -0.00402 0.012122 0.06417 0.004869
19660228 -0.072886 0.041331 -0.073604 -0.008621 0.028865 -0.017873
19660331 0.062579 0.001942 0.021918 -0.020923 -0.008889 -0.021815
19660429 -0.071429 0.080426 -0.103485 0.024837 0.046619 0.020509
19660531 0.016026 -0.021031 0.03012 -0.052539 -0.086024 -0.05414
19660630 -0.049211 -0.02968 -0.02924 -0.010317 -0.004988 -0.016138
19660729 0.03005 -0.027817 -0.098193 -0.01287 -0.016316 -0.013453
19660831 -0.027553 -0.0562 -0.030303 -0.075388 -0.100714 -0.077751
19660930 -0.000333 -0.00936 -0.048611 -0.006958 -0.018161 -0.007004
19661031 0.105705 0.045669 0.030657 0.042294 -0.014385 0.047544
19661130 0.049772 0.135843 0.057143 0.017516 0.040725 0.003117
19661230 0.042151 -0.011968 -0.054054 0.00621 0.017306 -0.001492
19670131 0.059972 0.07537 0.151429 0.08553 0.172104 0.078178
19670228 0.057895 0.079099 -0.09375 0.010945 0.042368 0.001963
19670331 0.032587 0.048837 0.213793 0.043384 0.058244 0.03941
19670428 0.096852 0.100887 0.123295 0.041609 0.041928 0.042239
19670531 -0.004415 -0.035234 -0.07888 -0.039293 -0.008098 -0.052441
19670630 0.097783 0.067024 -0.016575 0.026903 0.081958 0.017512
19670731 0.035497 0.020603 0.071348 0.049189 0.083251 0.045344
19670831 -0.061704 -0.013589 -0.015831 -0.006282 0.006312 -0.011715
19670929 0.037787 0.097049 0.018767 0.034286 0.062963 0.032785
19671031 0 0.082535 -0.048947 -0.027433 -0.020594 -0.029056
19671130 0.119394 0.033024 -0.064067 0.007902 0.000878 0.001065
19671229 -0.039855 0.02451 0.032738 0.033699 0.080465 0.026277
19680131 -0.049057 -0.051834 -0.079539 -0.03633 0.023902 -0.043848
19680229 0.011905 -0.022204 -0.072555 -0.033624 -0.056118 -0.031223
19680329 0.051176 0.056034 0.010204 0.005116 -0.011218 0.0094
19680430 0.097378 0.106122 0.152862 0.094148 0.143031 0.081929
19680531 0.006826 0.055793 -0.052941 0.027041 0.091309 0.011169
19680628 0.000678 -0.009104 -0.049689 0.011527 0.016225 0.00912
19680730 -0.047619 -0.042403 -0.018301 -0.022024 -0.02621 -0.018478
19680830 0.046429 -0.009151 0.14094 0.018038 0.035918 0.011459
19680930 -0.018089 0 0.079412 0.044454 0.068808 0.038539
19681031 -0.001745 -0.081642 0.052861 0.009041 0.006913 0.007208
19681129 0.044406 0.087134 -0.002604 0.058502 0.071994 0.047964
19681231 -0.038655 -0.05618 -0.088773 -0.033873 0.005896 -0.041617
19690131 0.003497 -0.059524 0.084241 -0.006711 -0.001688 -0.008184
19690228 -0.047038 -0.007004 -0.039894 -0.05364 -0.085728 -0.047374
19690328 0.039561 0.070303 0.102493 0.030506 0.02029 0.034444
19690430 0.019435 0.044586 0.053769 0.020526 0.003459 0.021476
19690529 0.039861 -0.025 0.028777 0.00504 0.006262 -0.002218
19690630 -0.068933 0.058777 -0.058275 -0.067387 -0.113404 -0.055577
19690731 -0.023381 -0.03923 -0.078218 -0.065172 -0.095823 -0.060178
19690829 0.075506 0.066256 -0.002703 0.05149 0.052175 0.040074
19690930 0.064452 0.000725 -0.03794 -0.02259 -0.024618 -0.025024
19691031 0.080775 0.044171 -0.00169 0.055638 0.092413 0.044244
19691128 -0.063318 -0.006935 -0.059659 -0.032164 -0.055078 -0.035274
19691231 0.054487 0.021008 0.02719 -0.019681 -0.066178 -0.018655
19700130 -0.036474 -0.080247 -0.137059 -0.073254 -0.03883 -0.076472
19700227 0.045741 0.018494 0.092784 0.056706 0.040195 0.052693
19700331 -0.02733 -0.005143 0.103774 -0.004729 -0.023712 0.001453
19700430 -0.080997 -0.119645 -0.118519 -0.105318 -0.161963 -0.090483
19700529 -0.035593 -0.063087 -0.087948 -0.064346 -0.090524 -0.060967
19700630 -0.019543 -0.100719 -0.010714 -0.051075 -0.073904 -0.050033
19700731 0.048649 0.0138 -0.045487 0.074169 0.059258 0.073295
19700831 -0.013746 0.0555 0.019084 0.050036 0.061617 0.044459
19700930 0.043345 0.095775 0.067416 0.047536 0.126098 0.032998
19701030 0.057047 0.011825 -0.023158 -0.018208 -0.058604 -0.0114
19701130 0.068063 0.045068 0.123188 0.050448 0.003021 0.047447
19701231 0.01194 0.034174 0.103226 0.060723 0.081324 0.056766
19710129 0.026549 0.02439 0.121053 0.05203 0.136096 0.040477
19710226 0.001437 0.037788 -0.015748 0.016913 0.04791 0.009074
19710331 0.086313 0.062407 0.016 0.044778 0.056603 0.036796
19710430 0.019894 0.000699 0.130709 0.033332 0.027087 0.036288
19710528 0.046814 -0.08232 -0.074766 -0.036409 -0.049435 -0.041558
19710630 0.023801 -0.030581 -0.015152 0.003119 -0.01724 0.000703
19710730 -0.026797 -0.08123 0.007179 -0.040283 -0.053634 -0.041324
19710831 0.091364 0.04824 0.105128 0.042511 0.041159 0.036095
19710930 -0.000963 -0.000822 -0.055684 -0.005016 -0.004653 -0.006968
19711029 0.004608 -0.0107 -0.125799 -0.040682 -0.057468 -0.041794
19711130 -0.003257 0.020965 -0.053824 -0.001262 -0.03415 -0.002547
19711231 0.127021 0.101473 0.131737 0.091257 0.117128 0.086179
19720131 -0.018443 0.093611 0.049735 0.028383 0.103892 0.018121
19720229 0.042797 0.005027 -0.015228 0.031349 0.041809 0.025303
19720330 0.012292 0.037313 0.108247 0.008722 -0.000951 0.005912
19720428 0.034722 0.00981 0.015814 0.005505 0.001231 0.004384
19720531 0.019175 0.033938 0.046083 0.016375 -0.018121 0.017275
19720630 0.007789 -0.014456 0.039648 -0.020896 -0.033775 -0.021821
19720731 0.06367 0.022321 0.046186 -0.004254 -0.029488 0.002333
19720831 -0.005282 0.022707 0.063136 0.035966 0.012252 0.034454
19720929 0.001133 -0.004896 -0.011494 -0.007671 -0.030725 -0.004861
19721031 0.019504 -0.051661 0.007364 0.008676 -0.013767 0.009317
19721130 -0.005843 0.017769 0.054159 0.049764 0.051096 0.045617
19721229 0.042105 0.028133 -0.023853 0.011243 -0.019873 0.011828
19730131 -0.018519 0.083333 -0.03985 -0.027455 -0.026133 -0.017111
19730228 -0.037736 -0.00597 0.01378 -0.044368 -0.072836 -0.03749
19730330 -0.000535 0 -0.021359 -0.007851 -0.028981 -0.001433
19730430 -0.012522 -0.054461 -0.005952 -0.051759 -0.07062 -0.0408
19730531 0.019928 -0.032261 -0.048193 -0.024503 -0.083582 -0.018884
19730629 0.019893 0.007149 -0.018987 -0.008647 -0.037745 -0.006575
19730731 0.006114 -0.007886 0.075269 0.056954 0.105922 0.037982
19730831 -0.021701 -0.039364 0.034205 -0.029648 -0.044417 -0.036685
19730928 0.041526 -0.142857 0.101167 0.053937 0.072995 0.040096
19731031 -0.024786 0.08624 0.016254 -0.000427 0.000303 -0.001291
19731130 -0.086941 -0.050419 -0.068182 -0.120703 -0.175252 -0.113861
19731231 -0.025048 -0.068868 0.005629 0.011425 -0.041764 0.016569
19740131 -0.071146 -0.006079 -0.100373 0.004408 0.132374 -0.010046
19740228 -0.021277 -0.024852 0.012526 0.002352 0.008623 -0.003624
19740329 -0.037978 -0.008933 -0.026804 -0.023365 0.008379 -0.02328
19740430 -0.041998 -0.036055 0.000424 -0.045957 -0.055537 -0.039051
19740531 0.015403 -0.059274 0.031983 -0.041982 -0.072545 -0.033551
19740628 0.012905 0.001176 -0.028926 -0.022942 -0.033483 -0.014665
19740731 -0.211806 -0.052291 -0.061277 -0.070879 -0.051915 -0.077791
19740830 -0.145374 -0.040298 -0.118721 -0.087756 -0.085788 -0.090279
19740930 -0.288213 -0.171875 -0.145078 -0.109718 -0.079025 -0.119335
19741031 0.229268 0.189465 0.298788 0.165585 0.088877 0.163047
19741129 -0.134405 -0.054858 -0.028235 -0.041047 -0.051395 -0.05318
19741231 -0.018519 -0.052186 -0.060533 -0.027005 -0.080744 -0.020151
19750131 0.257075 0.120536 0.158763 0.1416 0.29926 0.122812
19750228 0.04878 0.152722 0.134529 0.058411 0.053918 0.059886
19750331 0.138819 -0.041183 0.041502 0.030191 0.081497 0.021694
19750430 0.014241 0.015729 0.020114 0.046497 0.031093 0.047265
19750530 0.120125 0.031566 -0.022472 0.05514 0.072876 0.044101
19750630 0.016156 -0.027907 0.024904 0.051473 0.071792 0.044323
19750731 -0.12 -0.089713 0.023551 -0.060385 -0.00896 -0.067654
19750829 -0.034483 -0.011827 -0.016544 -0.023557 -0.048118 -0.02107
19750930 -0.073701 0.010738 -0.026168 -0.03801 -0.038867 -0.034645
19751031 0.14841 0.12749 0.099808 0.055857 0.01472 0.061643
19751128 0.084 0.074794 -0.029877 0.031223 0.016796 0.024708
19751231 -0.06 -0.009387 0.01087 -0.010998 -0.000599 -0.011508
19760130 0.12766 0.149387 0.154122 0.126011 0.190037 0.118306
19760227 -0.088949 -0.001455 0.078125 0.007314 0.106291 -0.011402
19760331 0.047781 0.024939 -0.043478 0.026799 0.018109 0.030689
19760430 -0.061166 -0.03292 0.064394 -0.010389 -0.00381 -0.010995
19760528 -0.015152 0.019734 0.017192 -0.009369 -0.01968 -0.014364
19760630 0.043538 0.078422 0.026761 0.044487 0.02651 0.040926
19760730 0.031204 -0.016712 0.020576 -0.006157 0.002236 -0.008055
19760831 -0.004323 0.01378 -0.05071 -0.001435 -0.016673 -0.005124
19760930 0.001881 0.028323 -0.053419 0.024484 0.01699 0.022641
19761029 -0.042213 -0.034207 0.054176 -0.020373 -0.022586 -0.022235
19761130 -0.029939 0.00552 -0.010776 0.005364 0.026686 -0.007775
19761231 -0.00158 0.029982 0.010893 0.061591 0.10241 0.052498
19770131 -0.053797 -0.013883 -0.103448 -0.036337 0.036903 -0.05053
19770228 0.025084 0.011807 -0.016949 -0.01576 0.0044 -0.02166
19770331 0.013312 0.001812 0.076355 -0.009246 0.010654 -0.014025
19770429 -0.037398 -0.064195 0.004577 0.004952 0.016931 0.000203
19770531 -0.028716 -0.041546 0.036697 -0.010785 0.00287 -0.023568
19770630 0.047235 0.075356 0.022124 0.051367 0.051503 0.04536
19770729 0.050336 0.015625 -0.075758 -0.01281 0.012362 -0.016222
19770831 0.015974 0.010256 -0.033019 -0.013352 -0.001233 -0.021042
19770930 0.006541 -0.02748 0.073171 0.001574 0.014968 -0.00248
19771031 -0.056782 -0.014368 -0.055455 -0.03928 -0.02319 -0.043406
19771130 0.023679 0.035957 0.065534 0.045432 0.070872 0.026966
19771230 -0.016502 0.035985 0 0.008218 0.021081 0.002847
19780131 -0.040268 -0.02925 -0.089749 -0.055202 -0.011152 -0.061514
19780228 0.003497 -0.042825 -0.005051 -0.009275 0.026008 -0.024762
19780331 0.067875 -0.062687 -0.038071 0.034013 0.067839 0.024931
19780428 0.115512 0.129512 0.178364 0.082841 0.079317 0.085416
19780531 0.008876 -0.018308 0.004515 0.023238 0.06762 0.004234
19780630 -0.010323 -0.003872 0.004494 -0.010751 0.010292 -0.017585
19780731 0.020958 0.092323 0.077405 0.056749 0.052394 0.05391
19780831 0.055718 0.04895 0.004184 0.042352 0.093545 0.025924
19780929 -0.012556 -0.050964 -0.01875 -0.006891 0.0062 -0.007261
19781031 -0.071023 -0.046029 -0.052654 -0.110997 -0.17728 -0.091574
19781130 0.019817 0.030766 0.022624 0.033792 0.038205 0.01664
19781229 0.063636 0.107607 0.039823 0.01771 0.014346 0.014889
19790131 -0.002849 0.034338 0.042979 0.049489 0.093661 0.039746
19790228 -0.037143 -0.017198 -0.049383 -0.026766 -0.016269 -0.036526
19790330 -0.009139 0.051667 0.028139 0.065618 0.084167 0.055152
19790430 -0.033333 -0.003962 -0.064842 0.008522 0.028814 0.001673
19790531 -0.015674 -0.021671 0.004545 -0.013576 -0.006845 -0.026336
19790629 -0.012994 -0.034539 -0.002262 0.04685 0.054663 0.038656
19790731 0.026144 -0.049404 0.016327 0.014991 0.021366 0.008746
19790831 0.019108 0.015914 0.024775 0.064728 0.075616 0.053078
19790928 -0.072125 -0.032143 -0.01978 0.001428 -0.001172 0
19791031 -0.061433 -0.079336 -0.098206 -0.07266 -0.097915 -0.068606
19791130 -0.007564 0.05988 0.085427 0.063603 0.065295 0.042624
19791231 0.026022 -0.01341 0 0.028212 0.067485 0.016767
19800131 0.018116 0.066019 0.060648 0.065607 0.105129 0.057625
19800229 -0.064057 -0.062149 -0.061674 0.001015 -0.006301 -0.00438
19800331 -0.025399 -0.122047 -0.105634 -0.120224 -0.165043 -0.101795
19800430 0.055556 -0.015695 -0.000525 0.052288 0.053461 0.04114
19800530 0.015038 0.024784 0.050532 0.06009 0.071249 0.046571
19800630 -0.006222 0.060948 0.068354 0.037714 0.046176 0.026969
19800731 0.121212 0.110638 0.129858 0.069438 0.089279 0.065039
19800829 -0.040541 0.017011 -0.101695 0.023553 0.063984 0.005835
19800930 -0.076338 -0.020992 0.054245 0.029498 0.052459 0.025168
19801031 -0.050388 0.038986 0.03311 0.020093 0.047525 0.016021
19801128 0.009469 0.035422 0.098468 0.104951 0.069205 0.102377
19801231 0.098765 -0.00367 -0.075697 -0.034409 -0.032416 -0.033874
19810130 0.007491 -0.051565 -0.032759 -0.040085 0.005615 -0.045742
19810227 0.066914 0.011417 0.157658 0.015521 0.00215 0.013277
19810331 0.044042 -0.029183 0.005837 0.046184 0.072674 0.036033
19810430 -0.061017 -0.06012 0.12147 -0.011268 0.027885 -0.023456
19810529 0.079422 0.016802 -0.053913 0.013551 0.027187 -0.001657
19810630 -0.054716 -0.014894 -0.034926 -0.010242 -0.013194 -0.010408
19810731 -0.021583 -0.030238 -0.038476 -0.00308 -0.01998 -0.00221
19810831 -0.036765 -0.002494 -0.07 -0.056279 -0.071906 -0.062099
19810930 0.048244 -0.018141 -0.077419 -0.063772 -0.090061 -0.053832
19811030 0.092593 -0.048499 -0.051748 0.060162 0.069728 0.049148
19811130 -0.018169 0.074951 0.134328 0.045849 0.021667 0.03659
19811231 -0.024561 0.043578 -0.026316 -0.028096 -0.019694 -0.030075
19820129 -0.061151 0.118681 -0.041892 -0.026209 -0.017347 -0.017544
19820226 -0.072797 -0.013988 -0.102381 -0.051126 -0.047987 -0.060548
19820331 0.10314 -0.034343 0.026525 -0.010099 -0.012064 -0.010167
19820430 0.041985 0.075314 -0.037726 0.043267 0.052242 0.040014
19820528 -0.044103 -0.029416 -0.19891 -0.028212 -0.02249 -0.039162
19820630 0.054688 -0.014228 0.010204 -0.023912 -0.036699 -0.02029
19820730 0.085185 0.082474 0.004714 -0.020526 -0.014776 -0.022991
19820831 0.075085 0.08739 0.098976 0.119013 0.063285 0.115977
19820930 0.050667 0.04078 -0.161491 0.016761 0.033164 0.007614
19821029 0.07362 0.088586 0.12963 0.118636 0.128447 0.110364
19821130 0.1456 0.093709 0.039735 0.051935 0.092037 0.036123
19821231 0.050505 0.112717 0.022293 0.014516 0.023447 0.015158
19830131 -0.033654 0.027273 0.074766 0.04185 0.117062 0.033134
19830228 -0.00995 0.009962 0.035088 0.030219 0.047266 0.018995
19830331 0.088844 0.027778 -0.036723 0.034673 0.050515 0.033095
19830429 0.03972 0.149877 0.099707 0.074188 0.080687 0.074922
19830531 -0.067416 -0.041026 0.005376 0.013226 0.09174 -0.012346
19830630 -0.025639 0.080899 0.010695 0.037838 0.046341 0.035224
19830729 -0.072682 0.00104 -0.060847 -0.031567 -0.017556 -0.033014
19830831 0.113514 0.000623 -0.107955 0.003463 -0.03292 0.011319
19830930 0.000874 0.061715 0.111465 0.016059 5.1e-05 0.010158
19831031 0.02457 -0.000985 -0.094556 -0.028049 -0.059273 -0.015174
19831130 0.072806 -0.066469 0.14377 0.029556 0.031713 0.017426
19831230 -0.031674 0.039404 0.055866 -0.010464 -0.019672 -0.008834
19840131 -0.051402 -0.064549 0.031746 -0.013023 0.005424 -0.009216
19840229 0.022167 -0.02563 -0.062016 -0.039073 -0.050767 -0.038859
19840330 0.071133 0.034014 0.129477 0.013389 0.007449 0.013498
19840430 0 -0.002193 -0.07561 0.002534 -0.020524 0.005466
19840531 0.002278 -0.044396 -0.132979 -0.052342 -0.05157 -0.059356
19840629 0.060273 -0.018561 -0.079755 0.023385 0.011996 0.017469
19840731 0.032538 0.047281 -0.073333 -0.020621 -0.050303 -0.016451
19840831 0.039916 0.127314 0.130909 0.112689 0.088817 0.106332
19840928 0.023273 0.00404 -0.099678 0.000404 -0.000377 -0.00348
19841031 0.037924 0.011871 -0.110714 -7.4e-05 -0.023756 -6e-05
19841130 -0.037462 -0.023069 -0.004032 -0.010685 -0.031506 -0.015112
19841231 0.008081 0.011294 0.004049 0.023656 0.002732 0.022374
19850131 -0.038076 0.107614 0.080645 0.085718 0.121475 0.074085
19850228 0.058333 -0.009349 -0.014981 0.016896 0.046034 0.008685
19850329 0.114016 -0.052239 -0.022814 -0.001747 -0.003581 -0.002925
19850430 -0.021429 -0.003937 -0.011673 -0.002186 -0.009652 -0.004594
19850531 -0.009124 0.025494 0.094862 0.055775 0.022221 0.054051
19850628 0.033002 -0.037901 -0.043321 0.017091 0.002103 0.012134
19850731 0.041441 0.061616 0.116981 -0.000251 0.021382 -0.004848
19850830 -0.008651 -0.027783 -0.023729 -0.004795 -0.002214 -0.011995
19850930 -0.015846 -0.021718 -0.017361 -0.039825 -0.056859 -0.034724
19851031 0.026882 0.048436 0.007067 0.044441 0.017652 0.042509
19851129 0.172635 0.084504 0.123239 0.069228 0.052563 0.065062
19851231 0.015015 0.112701 0.053292 0.043061 0.028021 0.045061
19860131 -0.007396 -0.025723 0.092262 0.009829 0.044071 0.002367
19860228 0.147541 0.003135 0.10929 0.0725 0.060381 0.071489
19860331 0.10161 0.004143 0.036946 0.053885 0.047192 0.052794
19860430 0.059382 0.031353 0.009501 -0.0079 0.016144 -0.014148
19860530 0.040359 -0.01776 0.023585 0.050844 0.036194 0.050229
19860630 0.088621 -0.038556 -0.082949 0.014246 0.008087 0.01411
19860731 -0.064741 -0.095563 -0.100503 -0.0597 -0.073128 -0.058683
19860829 -0.031949 0.055472 0.117647 0.066181 0.023269 0.071193
19860930 -0.098746 -0.030631 -0.240602 -0.079021 -0.059071 -0.085439
19861031 0.081181 -0.080855 0.056106 0.049303 0.023777 0.054729
19861128 0.003686 0.037209 -0.00627 0.015093 -0.006263 0.021477
19861231 0.034247 -0.056047 0.012618 -0.026388 -0.034609 -0.028288
19870130 0.129139 0.072917 0.087227 0.128496 0.117565 0.131767
19870227 0.052786 0.092039 0.054598 0.047918 0.074612 0.036924
19870331 0.025738 0.076165 0.051771 0.023664 0.036283 0.02639
19870430 -0.068306 0.066611 0 -0.017001 -0.017709 -0.01145
19870529 0.005865 0.006089 0.077922 0.005125 0.000573 0.006034
19870630 0.044431 0.015625 0.031325 0.043662 0.021487 0.047915
19870731 0.070225 -0.009231 0.214953 0.044248 0.035123 0.048224
19870831 0.062992 0.05264 -0.046243 0.037146 0.014544 0.034959
19870930 -0.038914 -0.104677 0.187879 -0.020774 -0.015876 -0.024166
19871030 -0.147287 -0.187396 -0.321429 -0.225363 -0.272248 -0.21763
19871130 -0.096242 -0.086939 0.140704 -0.072273 -0.05085 -0.085349
19871231 0.030405 0.042889 0.092511 0.070327 0.026065 0.072861
19880129 0.005763 -0.027056 -0.05746 0.04488 0.077392 0.040432
19880229 -0.006645 0.055395 0.11588 0.051695 0.060265 0.041817
19880331 0.031438 -0.084043 -0.040385 -0.016598 0.03569 -0.033343
19880429 0 0.053426 0.009018 0.010991 0.014016 0.009425
19880531 -0.006536 0.001985 -0.011952 0.000448 -0.017671 0.003176
19880630 0.034211 0.132222 0.092742 0.05146 0.047677 0.043256
19880729 -0.016026 -0.012758 -0.078413 -0.007272 0.000289 -0.005411
19880831 0.042345 -0.104573 -0.106426 -0.028006 -0.025001 -0.0386
19880930 0.10125 0.034753 0.033708 0.037202 0.016951 0.039729
19881031 -0.014286 0.062839 0.077174 0.017637 -0.011485 0.025964
19881130 0.012754 -0.024669 0.026316 -0.016412 -0.036484 -0.018891
19881230 0.028818 0.028481 0.003945 0.021075 0.018872 0.014688
19890131 0.047619 0.071795 -0.02279 0.066103 0.062124 0.071115
19890228 0.02139 -0.061435 -0.050505 -0.016446 0.002988 -0.028944
19890331 0.080419 -0.101852 -0.02766 0.021465 0.01806 0.020806
19890428 0.058537 0.044674 0.064333 0.048204 0.029089 0.05009
19890531 0.064516 -0.027763 0.055785 0.039338 0.025054 0.035138
19890630 -0.017922 0.020525 -0.091977 -0.004866 -0.007744 -0.007925
19890731 0.206208 0.027933 0.028879 0.077131 0.031017 0.08837
19890831 -0.022059 0.029 0.082105 0.022127 0.018626 0.015517
19890929 0.012632 -0.067236 -0.050584 -0.001474 0.005532 -0.006544
19891031 0.080224 -0.08238 -0.056557 -0.029281 -0.049934 -0.025175
19891130 0.072055 -0.014115 0.024017 0.017815 -0.0058 0.016541
19891229 0 -0.035851 -0.012793 0.018295 -0.012375 0.021417
19900131 -0.108414 0.047809 -0.038013 -0.070115 -0.046408 -0.068817
19900228 0.023593 0.065501 0.094808 0.014901 0.015434 0.008539
19900330 0.065957 0.021661 0.008247 0.02414 0.021315 0.024255
19900430 0.020067 0.027091 0.008998 -0.028286 -0.028117 -0.026887
19900531 0.183607 0.112018 0.09165 0.088936 0.045675 0.091989
19900629 -0.012188 -0.020833 -0.214552 -0.004196 0.005359 -0.008886
19900731 0.022535 -0.051064 -0.065558 -0.009405 -0.025732 -0.005223
19900831 -0.068871 -0.075471 -0.120205 -0.091896 -0.108911 -0.094314
19900928 -0.060355 0.044172 -0.017442 -0.053843 -0.080468 -0.051184
19901031 0.136076 -0.009401 -0.028402 -0.012504 -0.057155 -0.006698
19901130 0.035097 0.089775 0.009202 0.065744 0.035468 0.059934
19901231 0.005405 -0.005501 0.142857 0.029513 -0.004526 0.024828
19910131 0.048387 0.121681 0.064894 0.049078 0.084175 0.041518
19910228 0.074359 0.025325 0.09799 0.075847 0.133898 0.067281
19910328 0.040382 -0.115534 -0.12357 0.028923 0.078293 0.022203
19910430 -0.02765 -0.095499 0.001044 0.003322 0.031962 0.000346
19910531 0.085308 0.042087 0.086614 0.040732 0.031385 0.038577
19910628 -0.043843 -0.084806 -0.045894 -0.044029 -0.031773 -0.047893
19910731 0.103211 0.042471 0.001013 0.046795 0.034202 0.044859
19910830 0.093555 -0.031259 -0.033079 0.026819 0.027507 0.019649
19910930 -0.015361 0.069677 -0.060526 -0.010975 0.00813 -0.019144
19911031 0.032946 -0.05187 0.082353 0.017789 0.024639 0.01186
19911129 0.044878 -0.046209 -0.140625 -0.037275 -0.023735 -0.043928
19911231 0.156757 -0.037838 0.063636 0.106778 0.035353 0.111588
19920131 -0.034268 0.011236 0.068946 -0.001182 0.14997 -0.0199
19920228 0.054839 -0.021278 0.045455 0.013354 0.052124 0.009565
19920331 0.003425 -0.038849 0.023018 -0.0237 -0.014169 -0.021832
19920430 0.015291 0.086826 0.1255 0.013419 -0.033262 0.027893
19920529 0.060241 0.013333 0.075724 0.006439 0.005678 0.000964
19920630 -0.087727 0.078512 -0.109731 -0.019287 -0.039215 -0.017359
19920731 0.046875 -0.031928 0.030698 0.0399 0.027617 0.039374
19920831 0.026866 -0.072982 -0.126697 -0.02082 -0.0239 -0.023998
19920930 -0.054884 -0.067821 0.080311 0.012447 0.01105 0.009106
19921030 0.003086 -0.171827 0.005276 0.010986 0.016224 0.002106
19921130 -0.018092 0.038654 0.086124 0.040193 0.066686 0.030262
19921231 0.053459 -0.261905 -0.055066 0.017768 0.035677 0.010108
19930129 0.01194 0.022333 0.049417 0.012643 0.067612 0.007046
19930226 0 0.066311 0.033408 0.005402 -0.007198 0.010484
19930331 0.009912 -0.064368 0.019397 0.025116 0.031465 0.018697
19930430 -0.076246 -0.044226 0.173784 -0.0254 -0.011112 -0.025417
19930528 0.053968 0.095938 0.034296 0.029598 0.03874 0.022717
19930630 0.040241 -0.063981 0.045375 0.00544 0.013419 0.000755
19930730 0.005814 -0.098734 0.028715 -0.000795 0.013719 -0.005327
19930831 0.00289 0.033708 0.069919 0.039479 0.039698 0.034432
19930930 -0.022017 -0.081967 -0.039514 0.000641 0.025507 -0.009988
19931029 0.026627 0.095238 0.160127 0.018064 0.040518 0.019393
19931130 -0.027781 0.17663 -0.068306 -0.017606 -0.024467 -0.012911
19931231 0.0625 0.048724 0.043988 0.019513 0.01619 0.010091
19940131 -0.084034 0 0.171629 0.031466 0.049166 0.032501
19940228 0.042813 -0.059735 0.040816 -0.024224 -0.009952 -0.030045
19940331 -0.042346 0.033097 0.036909 -0.045795 -0.045962 -0.045746
19940429 0.027692 0.052632 -0.020912 0.009478 -0.011728 0.011531
19940531 -0.035928 0.1 -0.027304 0.00936 -0.000831 0.012419
19940630 0.014161 -0.06746 -0.064327 -0.027909 -0.028182 -0.026812
19940729 0.092308 0.053191 0.08675 0.030633 0.015778 0.031467
19940831 0.03662 0.111111 0.064591 0.042597 0.036756 0.037643
19940930 0.061304 0.016423 -0.061755 -0.018363 0.004865 -0.026898
19941031 0.03599 0.070018 0.106697 0.01452 -0.003305 0.020834
19941130 0.018759 -0.04698 -0.094142 -0.037219 -0.040741 -0.039505
19941230 0.007335 0.038869 0.018476 0.012609 -0.013424 0.012299
19950131 0.019417 -0.018707 -0.063492 0.020399 0.02786 0.024278
19950228 0.047619 0.046794 0.004866 0.039615 0.028369 0.036074
19950331 0.029 0.091362 0.075061 0.027041 0.019518 0.027329
19950428 0.031042 0.152207 0.058559 0.025048 0.026976 0.02796
19950531 0.060215 -0.014531 0.029915 0.034007 0.02027 0.036312
19950630 0.038053 0.032258 0.06639 0.031173 0.049917 0.021279
19950731 0.029412 0.134115 0.100778 0.040783 0.054708 0.031776
19950831 -0.020952 -0.04822 -0.046181 0.009305 0.032043 -0.00032
19950929 0.077354 -0.085852 -0.1527 0.036362 0.0264 0.040098
19951031 0.041667 0.029101 0.003956 -0.011317 -0.041473 -0.004979
19951130 0.056974 -0.003856 0.081498 0.042708 0.016659 0.041049
19951229 -0.019802 -0.054334 -0.04277 0.01519 0.008928 0.017444
19960131 0.015152 0.187414 0.101702 0.028144 0.034657 0.032617
19960229 0.07131 0.132488 0.036893 0.01631 0.032305 0.006934
19960329 0.027864 -0.092762 0.018727 0.010927 0.024086 0.007917
19960430 -0.015106 -0.031461 -0.051838 0.025511 0.058049 0.013431
19960531 0.128834 -0.006032 0.023392 0.0268 0.062615 0.022853
19960628 0.067935 -0.0726 0.032381 -0.008298 -0.032167 0.002257
19960731 -0.043367 0.085859 -0.021771 -0.053819 -0.079602 -0.045748
19960830 0.072 0.067209 0.045541 0.032463 0.045634 0.018814
19960930 0.014925 0.088525 0.094374 0.053035 0.028753 0.054173
19961031 -0.007371 0.036145 -0.084245 0.013739 -0.020842 0.026131
19961129 0.014851 0.238178 0.153005 0.065569 0.024696 0.073376
19961231 0.02934 -0.049412 -0.048973 -0.011388 -0.002604 -0.021505
19970131 0.099762 0.035479 0.036877 0.053473 0.063831 0.061317
19970228 0.053996 -0.081434 0.008052 -0.001122 -0.010299 0.005928
19970331 -0.08377 -0.045217 0.025559 -0.044868 -0.049224 -0.042614
19970430 0.141256 0.169399 0.114019 0.042373 -0.021596 0.058406
19970530 0.076621 0.080374 0.09691 0.071624 0.085194 0.058577
19970630 -0.005255 0.043353 0.099872 0.044095 0.043145 0.043453
19970731 0.016544 0.171745 0.04773 0.076514 0.048824 0.078123
19970829 -0.170886 -0.03948 0.03683 -0.03629 0.027605 -0.057446
19970930 0.066783 0.045623 -0.071044 0.058499 0.081737 0.053154
19971031 -0.071721 -0.070755 -0.045191 -0.034436 -0.026145 -0.034478
19971128 0.106225 0.113706 -0.064634 0.030404 -0.022063 0.044587
19971231 0.067 -0.044521 0.011734 0.017817 -0.023875 0.015732
19980130 -0.029053 -0.056153 -0.005155 0.004502 0.015367 0.01015
19980227 0.059846 0.05962 0.136719 0.073303 0.060451 0.070449
19980331 0.130601 -0.005386 0.009164 0.051301 0.046884 0.049946
19980430 -0.020178 0.115523 0.038593 0.010903 0.023243 0.009076
19980529 0.032949 0.015922 -0.035126 -0.025748 -0.042571 -0.018826
19980630 0.092823 -0.022872 -0.036974 0.031944 -0.02915 0.039438
19980731 -0.05848 0.154056 -0.077614 -0.023367 -0.050546 -0.011615
19980831 -0.190994 -0.14834 -0.134021 -0.157839 -0.196383 -0.145797
19980930 -0.11286 0.140954 0.059524 0.063827 0.043248 0.062396
19981030 0.172451 0.155642 0.016573 0.074393 0.037827 0.080294
19981130 0.039223 0.113434 0.100139 0.062024 0.075912 0.059126
19981231 -0.043711 0.116578 -0.069532 0.063051 0.018861 0.056375
19990129 -0.025187 -0.006102 -0.051902 0.038456 0.064848 0.041009
19990226 -0.02201 -0.072469 0.051948 -0.038085 -0.042172 -0.032283
19990331 -0.036634 0.044183 0.00823 0.037932 -0.001373 0.038794
19990430 0.108961 0.180183 0.407891 0.049105 0.0839 0.037944
19990528 0.006428 0.1102 -0.147573 -0.020708 0.025134 -0.02497
19990630 -0.092555 0.114224 0.093394 0.05082 0.038391 0.054438
19990730 -0.023185 -0.027563 -0.0175 -0.030716 0.007271 -0.032046
19990831 -0.012384 -0.007996 -0.034115 -0.009987 -0.030607 -0.006254
19990930 -0.190637 -0.0286 -0.032009 -0.022846 -0.01425 -0.028552
19991029 0.222798 -0.188017 0.015051 0.062147 -0.001351 0.062539
19991130 0.141483 0.050204 -0.161582 0.036822 0.091409 0.019062
19991231 -0.133023 0.046695 0.014825 0.083758 0.08483 0.057844
20000131 -0.013948 0.040556 -0.091368 -0.039612 0.05061 -0.050904
20000229 -0.153428 -0.083563 -0.173785 0.031777 0.120436 -0.020108
20000331 -0.031208 0.148418 0.124777 0.0535 -0.000429 0.09672
20000428 0.006658 -0.055085 0.008241 -0.05953 -0.088504 -0.030796
20000531 0.12963 -0.03583 -0.030111 -0.038871 -0.057324 -0.021915
20000630 0.079297 0.020373 -0.114379 0.051597 0.079228 0.023934
20000731 0.067465 0.026241 0.015572 -0.017712 -0.019354 -0.016341
20000831 -0.141692 0.175142 0.078899 0.075007 0.059257 0.060699
20000929 0.050736 -0.147727 -0.081633 -0.051145 -0.040102 -0.053483
20001031 0.095238 -0.124444 0.048963 -0.024492 -0.066807 -0.004949
20001130 0.040083 -0.049442 0.121212 -0.102371 -0.118559 -0.080069
20001229 -0.026946 -0.090909 0.203498 0.020426 -0.007035 0.004053
20010131 -0.048205 0.317647 -0.058177 0.039599 0.225012 0.034637
20010228 -0.08569 -0.106875 -0.059249 -0.099099 -0.074508 -0.092291
20010330 -0.145012 -0.037237 0.066827 -0.07039 -0.072696 -0.064205
20010430 0.022808 0.19713 0.138801 0.083831 0.076441 0.076814
20010531 0.026196 -0.027792 0.078884 0.010458 0.062201 0.00509
20010629 -0.046835 0.010733 -0.075886 -0.017554 0.00772 -0.025004
20010731 -0.008889 -0.068938 0.107892 -0.018294 -0.028407 -0.010772
20010831 0.091256 -0.048665 -0.092559 -0.05898 -0.035009 -0.064108
20010928 -0.033696 -0.082341 -0.104 -0.091488 -0.127801 -0.081723
20011031 0.021985 0.17826 0.006027 0.027833 0.078105 0.018099
20011130 -0.015455 0.07088 0.060376 0.07878 0.08081 0.075176
20011231 0.004046 0.046457 0.101856 0.017848 0.057742 0.007574
20020131 -0.07211 -0.108052 -0.031005 -0.015977 0.018178 -0.015574
20020228 0.0832 -0.089258 0.104017 -0.021695 -0.03306 -0.020766
20020328 0.106985 0.059927 0.02414 0.044682 0.074666 0.036739
20020430 0.062189 -0.194615 -0.033069 -0.049617 -0.003169 -0.061418
20020531 0.000901 -0.037727 -0.043025 -0.010523 -0.015518 -0.009081
20020628 0.011519 -0.105034 -0.063516 -0.070249 -0.067318 -0.072465
20020731 -0.108214 -0.022222 -0.079673 -0.081152 -0.107499 -0.078995
20020830 0.021225 0.072869 -0.023714 0.007979 0.006337 0.004881
20020930 -0.055686 -0.226453 -0.147113 -0.09992 -0.08449 -0.110013
20021031 -0.030859 0.353799 0.106932 0.074923 0.042773 0.086436
20021129 -0.013769 0.10299 0.221542 0.061271 0.117775 0.05707
20021231 -0.039439 -0.108375 -0.083768 -0.053313 -0.040159 -0.060333
20030131 -0.077099 0.009032 -0.030402 -0.023392 0.006068 -0.027415
20030228 -0.005932 -0.001279 0.068668 -0.01539 -0.021448 -0.017004
20030331 0.011934 0.006158 0.046809 0.010325 0.009434 0.008358
20030430 -0.001976 0.082494 0.076219 0.082762 0.098222 0.081044
20030530 0.12797 0.038869 -0.008555 0.063471 0.133177 0.050899
20030630 0.023261 -0.062926 0.067306 0.016336 0.049741 0.011322
20030731 -0.031028 -0.015152 0.218469 0.023112 0.061927 0.016224
20030829 -0.032244 0.011323 0.064621 0.024966 0.047429 0.017873
20030930 -0.007813 0.077064 -0.041626 -0.009112 0.025239 -0.011944
20031031 0.080075 0.013019 0.069872 0.060319 0.08093 0.054962
20031128 0.006897 0.013634 0.0378 0.016593 0.038147 0.007129
20031231 0.091398 0.023636 0.09165 0.045489 0.038908 0.050765
20040130 -0.029754 0.070673 -0.054445 0.023049 0.065763 0.017276
20040227 0.014622 -0.025899 -0.030462 0.015458 0.01372 0.012209
20040331 0.011809 -0.04829 0.043828 -0.010674 0.006293 -0.016359
20040430 0.005368 -0.039961 -0.012268 -0.024232 -0.04359 -0.016791
20040528 0.015424 0.006805 -0.030619 0.014068 0.002592 0.012083
20040630 -0.012074 -0.004967 0.05428 0.021578 0.022729 0.017989
20040730 -0.131141 -0.012252 -0.069738 -0.037666 -0.051082 -0.034291
20040831 0.01938 -0.025267 -0.01075 0.002714 -0.004725 0.002287
20040930 -0.098636 0.012398 0.106602 0.020547 0.041594 0.009364
20041029 0.015231 0.046769 0.006215 0.017805 0.020837 0.014014
20041130 -0.027054 0.052033 0.136702 0.048207 0.079929 0.038595
20041231 0.059272 0.046053 0.065101 0.035177 0.05292 0.032458
20050131 -0.003602 -0.052343 -0.082043 -0.026552 -0.029278 -0.02529
20050228 0.031574 -0.007065 0.066779 0.022681 0.016637 0.018903
20050331 -0.01986 -0.012962 -0.03798 -0.016948 -0.031835 -0.019118
20050429 0.042477 -0.16415 -0.03259 -0.025185 -0.046509 -0.020109
20050531 0.027394 -0.008248 0.068824 0.037954 0.043808 0.029952
20050630 -0.058257 -0.017869 0.012751 0.011533 0.032153 -0.000143
20050729 0.048144 0.124798 0.136502 0.043325 0.058745 0.035968
20050831 0.005484 -0.031632 0.029308 -0.005946 -0.007217 -0.011222
20050930 -0.012045 -0.004962 0.058749 0.010606 0.01053 0.006949
20051031 -0.009493 0.020693 -0.100596 -0.020877 -0.033876 -0.017741
20051130 0.004441 0.088178 0.098688 0.040329 0.034319 0.035186
20051230 -0.055751 -0.075366 -0.000173 0.003456 0.013484 -0.000952
20060131 0.026544 -0.010949 0.179678 0.040033 0.076354 0.025467
20060228 0.014258 -0.010578 0.076289 -0.00164 0.004836 0.000453
20060331 0.005004 0.027792 -0.017378 0.019053 0.036978 0.011065
20060428 0.00215 -0.001576 0.058209 0.012964 0.009791 0.012187
20060531 0.049333 -0.02599 -0.036837 -0.031045 -0.044331 -0.030917
20060630 -0.015898 -0.038548 0.020973 -0.000386 -0.008479 8.7e-05
20060731 0.034403 0.00768 -0.044441 -0.001884 -0.022698 0.005086
20060831 0.006966 0.049864 -0.063779 0.025048 0.025011 0.021274
20060929 0.004017 0.01198 -0.008289 0.019424 0.009006 0.024566
20061031 0.045658 0.1268 -0.072796 0.037134 0.046211 0.031508
20061130 0.00899 -0.001191 0.021743 0.023705 0.031168 0.016467
20061229 0.030322 0.056897 -0.011285 0.010854 0.0148 0.012616
20070131 -0.007668 0.020587 0.049568 0.019404 0.022283 0.014059
20070228 -0.025063 -0.059607 0.005619 -0.013994 0.00211 -0.021846
20070330 0.035561 0.014203 0.040354 0.012946 0.006545 0.00998
20070430 0.087292 0.084341 0.087871 0.039821 0.027044 0.043291
20070531 0.015329 0.046864 0.082071 0.038932 0.023123 0.032549
20070629 -0.006416 -0.012664 -0.003563 -0.014754 -0.007906 -0.017816
20070731 -0.003823 0.051306 0.010983 -0.031758 -0.043537 -0.031982
20070831 0.032048 0.058202 -0.038452 0.011631 -0.011737 0.012864
20070928 0.074935 0.009512 0.035106 0.040849 0.025363 0.035794
20071031 0.074648 -0.014261 -0.044116 0.025833 0.017406 0.014822
20071130 0.01101 -0.090768 -0.036322 -0.049327 -0.076617 -0.044043
20071231 -0.011755 0.027762 0.009179 -0.004428 -0.010989 -0.008628
20080131 -0.038618 -0.009158 -0.016676 -0.062147 -0.045082 -0.061163
20080229 -0.009153 0.066754 0.018876 -0.021664 -0.021401 -0.034761
20080331 0.047725 0.011242 0.0824 -0.01042 -0.02531 -0.00596
20080430 -0.032857 0.048289 0.050453 0.051106 0.031907 0.047547
20080530 -0.027348 0.076471 0.009282 0.023841 0.031786 0.010674
20080630 -0.085575 -0.084215 -0.106728 -0.078433 -0.086625 -0.085962
20080731 -0.009234 0.079727 -0.05256 -0.013328 -0.001296 -0.009859
20080829 0.011068 -0.044929 0.017405 0.010563 0.013023 0.012191
20080930 0.022854 -0.039185 -0.157359 -0.098007 -0.120095 -0.090791
20081031 -0.166793 -0.205113 -0.352013 -0.184603 -0.205222 -0.169425
20081128 0.072401 -0.116919 0.073037 -0.084615 -0.13032 -0.074849
20081231 -0.034137 0.031373 0.089778 0.022148 0.042177 0.007822
20090130 -0.056329 0.088997 -0.299978 -0.077324 -0.024042 -0.085657
20090227 -0.043773 0.009602 -0.202269 -0.100212 -0.107667 -0.109931
20090331 0.085924 0.052809 0.136123 0.08669 0.10747 0.085405
20090430 -0.020478 0.065229 0.287554 0.109359 0.192762 0.093925
20090529 0.141928 0.035074 -0.003373 0.067789 0.10233 0.053081
20090630 -0.01546 -0.017501 -0.068246 -0.003098 0.023921 0.000196
20090731 0.03855 0.129381 0.346247 0.081719 0.085217 0.074142
20090831 -0.021469 0.005681 0.02837 0.031459 0.056864 0.03356
20090930 0.109494 0.013215 0.132863 0.045222 0.071251 0.035723
20091030 -0.007263 0.008361 0.080849 -0.027993 -0.050612 -0.019762
20091130 0.08066 0.052152 0.060479 0.057098 0.028444 0.057364
20091231 -0.003497 0.036011 -0.023977 0.028419 0.055 0.017771
20100129 -0.048246 -0.065011 -0.075978 -0.037096 -0.011388 -0.036974
20100226 -0.028203 0.043468 0.092075 0.034775 0.033603 0.028514
20100331 0.051593 0.008572 0.101665 0.063605 0.069271 0.058796
20100430 -0.028182 0.005848 0.090056 0.020043 0.057837 0.014759
20100528 -0.038354 -0.023953 -0.107652 -0.079137 -0.076968 -0.081976
20100630 -0.016342 -0.01421 -0.011356 -0.050717 -0.056666 -0.053882
20100730 0.099561 0.039844 0.16847 0.070293 0.059958 0.068778
20100831 0.014017 -0.035981 -0.065806 -0.042813 -0.047592 -0.047449
20100930 0.055071 0.089418 0.207489 0.091517 0.09637 0.087551
20101029 0.047847 0.070523 0.004575 0.038531 0.040681 0.036856
20101130 0.037345 -0.010376 0.076336 0.005107 0.010661 -0.00229
20101231 0.041159 0.037466 0.107092 0.06715 0.068774 0.0653
20110131 -0.044397 0.103843 0.040465 0.019157 0.014412 0.022646
20110228 0.017025 0.003272 0.061025 0.038165 0.037036 0.031957
20110331 0.045213 0.007351 0.081803 0.003366 0.008605 -0.001047
20110429 0.016883 0.046054 0.040413 0.028688 0.019203 0.028495
20110531 -0.009635 -0.005276 -0.083268 -0.014935 -0.01855 -0.013501
20110630 0.014219 0.015509 0.006238 -0.018395 -0.024106 -0.018258
20110729 0.0107 0.060041 -0.067725 -0.022469 -0.021813 -0.021474
20110831 0.035877 -0.050536 -0.078854 -0.057472 -0.075715 -0.056791
20110930 -0.034351 0.017218 -0.188571 -0.084873 -0.100921 -0.071762
20111031 0.011249 0.055813 0.285482 0.113982 0.107697 0.107723
20111130 -0.009075 0.022315 0.036206 -0.006226 -0.020645 -0.005059
20111230 0.040756 -0.021915 -0.074377 0.003702 -0.003561 0.008533
20120131 -0.034872 0.047422 0.209492 0.054077 0.085342 0.043583
20120229 0.034503 0.025337 0.046646 0.041186 0.036494 0.040589
20120330 0.066705 0.060591 -0.067332 0.023994 0.0176 0.031332
20120430 0.031212 -0.007525 -0.030886 -0.006801 -0.009106 -0.007497
20120531 -0.020833 -0.064371 -0.147417 -0.065531 -0.068438 -0.062651
20120629 0.053125 0.013893 -0.030929 0.038156 0.034177 0.039555
20120731 0.03338 0.002045 -0.00212 0.010266 -0.003281 0.012598
20120831 -0.074257 -0.001429 0.0133 0.026265 0.02482 0.019763
20120928 0.020989 0.064665 0.008321 0.026539 0.034924 0.024236
20121031 -0.019773 -0.06228 -0.008252 -0.014101 -0.013487 -0.019789
20121130 0.026762 -0.018558 0.00507 0.006193 0.00279 0.002847
20121231 -0.04404 0.007787 0.05735 0.012531 0.021872 0.007068
20130131 0.02731 0.060141 0.097999 0.054093 0.063509 0.050428
20130228 0.039742 -0.006845 -0.061185 0.008331 0.0035 0.011061
20130328 0.051653 0.062092 -0.058461 0.035274 0.031412 0.035988
20130430 0.046736 -0.050445 -0.020467 0.014945 0.002477 0.018086
20130531 -0.05528 0.031747 0.013346 0.019066 0.023973 0.020763
20130628 0.010002 -0.08129 -0.038578 -0.015039 -0.013012 -0.014999
20130731 -0.000748 0.020564 0.012365 0.052681 0.054898 0.049462
20130830 -0.047405 -0.060603 -0.004463 -0.025714 -0.017278 -0.031298
20130930 -0.000524 0.015965 0.010419 0.037477 0.051828 0.029749
20131031 0.044615 -0.032239 0.006715 0.039851 0.025762 0.044596
20131129 0.022744 0.007924 0.014875 0.024947 0.023398 0.028049
20131231 0.027868 0.043911 0.073404 0.026126 0.025242 0.023563
20140131 -0.084483 -0.058058 0.040744 -0.029957 -0.001282 -0.035583
20140228 0.010048 0.05343 0.032584 0.046173 0.044257 0.043117
20140331 0.020026 0.039531 0.02475 0.004469 0.001027 0.006932
20140430 0.055096 0.020676 0.06672 0.00166 -0.022319 0.006201
20140530 0.002942 -0.056039 -0.030076 0.020218 0.006647 0.02103
20140630 0.042899 -0.016761 0.062995 0.027941 0.039496 0.019058
20140731 -0.072474 0.057373 -0.06644 -0.020524 -0.035223 -0.01508
20140829 0.061848 0.009026 0.082581 0.040171 0.033687 0.037655
20140930 0.029842 -0.012845 -0.092051 -0.025129 -0.045004 -0.015514
20141031 -0.018284 -0.133962 0.031102 0.021176 0.014195 0.023201
20141128 0.077722 -0.006873 -0.007987 0.02115 -0.002457 0.024534
20141231 -0.05822 -0.010668 -0.090159 -0.003616 -0.000214 -0.004189
20150130 -0.02487 -0.04444 -0.11865 -0.027152 -0.019073 -0.031041
20150227 0.051737 0.063466 0.036639 0.055948 0.054123 0.054893
20150331 -0.055889 -0.008892 -0.03462 -0.010439 -0.005137 -0.017396
20150430 0.000247 0.067227 0.09434 0.008722 0.015127 0.008521
20150529 0.009862 -0.001985 -0.017956 0.010323 0.003956 0.010491
20150630 -0.03418 -0.041202 -0.00586 -0.019258 -0.013477 -0.021012
20150731 0.047158 -0.004119 -0.0639 0.012095 -0.027148 0.019742
20150831 -0.042843 -0.079017 -0.027852 -0.059993 -0.047289 -0.062581
20150930 0.028739 -0.019744 -0.14495 -0.033735 -0.049941 -0.026443
20151030 0.055583 -0.033731 0.128519 0.07396 0.052846 0.082983
20151130 0.014168 0.004569 -0.004658 0.002442 0.00733 0.000505
20151231 0.007977 -0.012911 -0.064556 -0.022261 -0.035915 -0.01753
