date             pg            sp
19610131       0.042987      0.063156
19610228       0.054386      0.026870
19610330       0.054908      0.025536
19610428       0.034385      0.003843
19610531      -0.035222      0.019139
19610630       0.085714     -0.028846
19610731       0.031871      0.032797
19610831       0.112376      0.019623
19610929      -0.023018     -0.019686
19611031      -0.030366      0.028323
19611130       0.029810      0.039347
19611229      -0.034211      0.003225
19620131      -0.094005     -0.037876
19620228      -0.039275      0.016270
19620330       0.078616     -0.005860
19620430      -0.053936     -0.061970
19620531      -0.102167     -0.085990
19620629      -0.137931     -0.081838
19620731       0.118000      0.063562
19620831      -0.008993      0.015284
19620928      -0.110708     -0.048207
19621031       0.036735      0.004443
19621130       0.124752      0.101557
19621231       0.003521      0.013492
19630131       0.033684      0.049128
19630228      -0.030717     -0.028852
19630329       0.042254      0.035464
19630430       0.056081      0.048520
19630531      -0.016077      0.014327
19630628      -0.009804     -0.020198
19630731      -0.027723     -0.003460
19630830       0.075085      0.048749
19630930       0.003175     -0.011034
19631031       0.008228      0.032218
19631129       0.000000     -0.010539
19631231       0.007886      0.024444
19640131       0.033646      0.026926
19640228      -0.006088      0.009865
19640331       0.036753      0.015167
19640430      -0.034712      0.006077
19640528      -0.012308      0.011452
19640630       0.031153      0.016424
19640731       0.023414      0.018240
19640831       0.001484     -0.016230
19640930       0.004444      0.028718
19641030      -0.009587      0.008078
19641130      -0.053892     -0.005185
19641231       0.031646      0.003909
19650129      -0.040337      0.033156
19650226      -0.030547     -0.001485
19650331      -0.021559     -0.014526
19650430       0.030000      0.034239
19650528      -0.021523     -0.007743
19650630      -0.021997     -0.048632
19650730       0.025433      0.013433
19650831      -0.030560      0.022522
19650930       0.005254      0.032006
19651029      -0.014460      0.027345
19651130       0.017794     -0.008764
19651231      -0.029720      0.008951
19660131       0.009009      0.004869
19660228      -0.071942     -0.017873
19660331       0.023256     -0.021815
19660429      -0.056818      0.020509
19660531       0.036437     -0.054140
19660630       0.003906     -0.016138
19660729       0.048638     -0.013453
19660831       0.035514     -0.077751
19660930       0.037906     -0.007004
19661031       0.050435      0.047544
19661130      -0.020000      0.003117
19661230      -0.006803     -0.001492
19670131       0.079452      0.078178
19670228      -0.009585      0.001963
19670331       0.085484      0.039410
19670428       0.015453      0.042239
19670531       0.010309     -0.052441
19670630       0.008746      0.017512
19670731       0.126301      0.045344
19670831      -0.025806     -0.011715
19670929      -0.006623      0.032785
19671031      -0.050133     -0.029056
19671130      -0.011299      0.001065
19671229       0.054286      0.026277
19680131      -0.093767     -0.043848
19680229       0.024096     -0.031223
19680329       0.026471      0.009400
19680430       0.084241      0.081929
19680531      -0.011968      0.011169
19680628       0.000000      0.009120
19680730      -0.008345     -0.018478
19680830       0.012295      0.011459
19680930      -0.056680      0.038539
19681031       0.016881      0.007208
19681129       0.113314      0.047964
19681231      -0.119593     -0.041617
19690131      -0.004046     -0.008184
19690228      -0.029240     -0.047374
19690328       0.040663      0.034444
19690430       0.024891      0.021476
19690529       0.072546     -0.002218
19690630      -0.055703     -0.055577
19690731       0.015730     -0.060178
19690829       0.058496      0.040074
19690930       0.026316     -0.025024
19691031       0.136154      0.044244
19691128      -0.038593     -0.035274
19691231       0.034238     -0.018655
19700130       0.019635     -0.076472
19700227      -0.015766      0.052693
19700331      -0.002288      0.001453
19700430      -0.079587     -0.090483
19700529      -0.016311     -0.060967
19700630      -0.040816     -0.050033
19700731       0.113830      0.073295
19700831       0.002404      0.044459
19700930       0.014388      0.032998
19701030       0.039716     -0.011400
19701130       0.086957      0.047447
19701231      -0.023158      0.056766
19710129       0.014655      0.040477
19710226       0.000000      0.009074
19710331       0.066239      0.036796
19710430      -0.024449      0.036288
19710528      -0.016529     -0.041558
19710630       0.088235      0.000703
19710730       0.034749     -0.041324
19710831       0.080675      0.036095
19710930      -0.013889     -0.006968
19711029       0.005282     -0.041794
19711130       0.008803     -0.002547
19711231       0.095986      0.086179
19720131       0.023885      0.018121
19720229       0.073437      0.025303
19720330       0.032023      0.005912
19720428       0.036671      0.004384
19720531       0.076503      0.017275
19720630      -0.053299     -0.021821
19720731       0.039035      0.002333
19720831       0.003886      0.034454
19720929       0.011613     -0.004861
19721031       0.075408      0.009317
19721130       0.029762      0.045617
19721229       0.031214      0.011828
19730131      -0.021166     -0.017111
19730228      -0.017241     -0.037490
19730330      -0.054971     -0.001433
19730430      -0.009752     -0.040800
19730531      -0.021330     -0.018884
19730629       0.066667     -0.006575
19730731       0.092067      0.037982
19730831      -0.129282     -0.036685
19730928       0.005076      0.040096
19731031       0.046212     -0.001291
19731130      -0.078788     -0.113861
19731231      -0.031579      0.016569
19740131      -0.022283     -0.010046
19740228      -0.015363     -0.003624
19740329       0.004255     -0.023280
19740430       0.064407     -0.039051
19740531       0.045333     -0.033551
19740628       0.017857     -0.014665
19740731      -0.044361     -0.077791
19740830      -0.127800     -0.090279
19740930      -0.117825     -0.119335
19741031       0.194521      0.163047
19741129      -0.046110     -0.053180
19741231      -0.015106     -0.020151
19750131       0.127301      0.122812
19750228       0.032832      0.059886
19750331       0.014570      0.021694
19750430       0.000000      0.047265
19750530       0.018373      0.044101
19750630       0.011598      0.044323
19750731      -0.082803     -0.067654
19750829      -0.055866     -0.021070
19750930      -0.017751     -0.034645
19751031       0.075301      0.061643
19751128       0.047887      0.024708
19751231      -0.043011     -0.011508
19760130       0.039326      0.118306
19760227      -0.077446     -0.011402
19760331       0.066274      0.030689
19760430      -0.013260     -0.010995
19760528      -0.004225     -0.014364
19760630       0.073550      0.040926
19760730       0.017655     -0.008055
19760831      -0.009115     -0.005124
19760930       0.015769      0.022641
19761029      -0.011125     -0.022235
19761130      -0.014474     -0.007775
19761231       0.000000      0.052498
19770131      -0.073164     -0.050530
19770228      -0.043541     -0.021660
19770331      -0.040971     -0.014025
19770429      -0.010759      0.000203
19770531      -0.043548     -0.023568
19770630       0.080944      0.045360
19770729       0.003432     -0.016222
19770831       0.081505     -0.021042
19770930      -0.013043     -0.002480
19771031      -0.018796     -0.043406
19771130       0.030166      0.026966
19771230       0.005857      0.002847
19780131      -0.073945     -0.061514
19780228      -0.026941     -0.024762
19780331      -0.034202      0.024931
19780428       0.150084      0.085416
19780531       0.013314      0.004234
19780630       0.004380     -0.017585
19780731       0.059593      0.053910
19780831      -0.035961      0.025924
19780929      -0.001435     -0.007261
19781031      -0.043103     -0.091574
19781130       0.039394      0.016640
19781229       0.036443      0.014889
19790131      -0.040788      0.039746
19790228      -0.038462     -0.036526
19790330      -0.003077      0.055152
19790430      -0.001852      0.001673
19790531       0.007813     -0.026336
19790629      -0.046512      0.038656
19790731      -0.024715      0.008746
19790831       0.080944      0.053078
19790928      -0.035881      0.000000
19791031      -0.027832     -0.068606
19791130      -0.003367      0.042624
19791231       0.003378      0.016767
19800131      -0.017172      0.057625
19800229      -0.012132     -0.004380
19800331      -0.049123     -0.101795
19800430       0.067897      0.041140
19800530       0.089161      0.046571
19800630      -0.052970      0.026969
19800731       0.104407      0.065039
19800829      -0.024845      0.005835
19800930      -0.089172      0.025168
19801031      -0.040909      0.016021
19801128       0.040665      0.102377
19801231      -0.021314     -0.033874
19810130      -0.013430     -0.045742
19810227       0.065299      0.013277
19810331      -0.012259      0.036033
19810430       0.031206     -0.023456
19810529      -0.017422     -0.001657
19810630       0.074468     -0.010408
19810731      -0.028713     -0.002210
19810831      -0.044750     -0.062099
19810930       0.063063     -0.053832
19811030       0.075254      0.049148
19811130       0.025559      0.036590
19811231       0.001558     -0.030075
19820129       0.073717     -0.017544
19820226      -0.023460     -0.060548
19820331      -0.006006     -0.010167
19820430       0.047432      0.040014
19820528      -0.020438     -0.039162
19820630      -0.010432     -0.020290
19820730       0.038253     -0.022991
19820831       0.117474      0.115977
19820930       0.030223      0.007614
19821029       0.093622      0.110364
19821130       0.120141      0.036123
19821231      -0.005258      0.015158
19830131      -0.038478      0.033134
19830228       0.015556      0.018995
19830331       0.063457      0.033095
19830429      -0.000412      0.074922
19830531      -0.103950     -0.012346
19830630       0.023202      0.035224
19830729      -0.050340     -0.033014
19830831       0.033816      0.011319
19830930       0.039720      0.010158
19831031       0.008539     -0.015174
19831130       0.067568      0.017426
19831230      -0.040084     -0.008834
19840131      -0.101538     -0.009216
19840229      -0.066832     -0.038859
19840330       0.023873      0.013498
19840430      -0.005699      0.005466
19840531       0.039578     -0.059356
19840629       0.063452      0.017469
19840731       0.017184     -0.016451
19840831       0.064133      0.106332
19840928      -0.002232     -0.003480
19841031       0.049664     -0.000060
19841130      -0.004310     -0.015112
19841231      -0.012987      0.022374
19850131      -0.001754      0.074085
19850228       0.011111      0.008685
19850329      -0.024176     -0.002925
19850430      -0.049099     -0.004594
19850531       0.033573      0.054051
19850628       0.044084      0.012134
19850731       0.029333     -0.004848
19850830       0.004367     -0.011995
19850930      -0.019565     -0.034724
19851031       0.135698      0.042509
19851129       0.059172      0.065062
19851231       0.039106      0.045061
19860131      -0.046237      0.002367
19860228       0.047438      0.071489
19860331       0.067029      0.052794
19860430       0.007470     -0.014148
19860530       0.059524      0.050229
19860630       0.028892      0.014110
19860731      -0.025897     -0.058683
19860829       0.033926      0.071193
19860930      -0.153125     -0.085439
19861031       0.116974      0.054729
19861128       0.036667      0.021477
19861231      -0.017685     -0.028288
19870130       0.161047      0.131767
19870227      -0.014205      0.036924
19870331       0.060519      0.026390
19870430      -0.071467     -0.011450
19870529       0.079646      0.006034
19870630       0.071038      0.047915
19870731      -0.042857      0.048224
19870831       0.104698      0.034959
19870930      -0.018226     -0.024166
19871030      -0.119554     -0.217630
19871130      -0.077904     -0.085349
19871231       0.049155      0.072861
19880129       0.002343      0.040432
19880229      -0.007364      0.041817
19880331      -0.075668     -0.033343
19880429      -0.000642      0.009425
19880531      -0.009724      0.003176
19880630       0.014730      0.043256
19880729      -0.021613     -0.005411
19880831      -0.006656     -0.038600
19880930       0.072027      0.039729
19881031       0.041563      0.025964
19881130      -0.009077     -0.018891
19881230       0.062595      0.014688
19890131       0.068103      0.071115
19890228      -0.037992     -0.028944
19890331       0.043724      0.020806
19890428       0.042432      0.050090
19890531       0.074510      0.035138
19890630       0.054745     -0.007925
19890731       0.108881      0.088370
19890831       0.076440      0.015517
19890929      -0.066148     -0.006544
19891031       0.083542     -0.025175
19891130       0.002904      0.016541
19891229       0.084942      0.021417
19900131      -0.082562     -0.068817
19900228      -0.001953      0.008539
19900330       0.060665      0.024255
19900430       0.049077     -0.026887
19900531       0.169912      0.091989
19900629       0.054463     -0.008886
19900731       0.000861     -0.005223
19900831      -0.112392     -0.094314
19900928      -0.053571     -0.051184
19901031       0.085763     -0.006698
19901130       0.054054      0.059934
19901231       0.045249      0.024828
19910131      -0.079365      0.041518
19910228       0.025237      0.067281
19910328       0.047692      0.022203
19910430      -0.008811      0.000346
19910531       0.014903      0.038577
19910628      -0.091043     -0.047893
19910731       0.050081      0.044859
19910830       0.034056      0.019649
19910930       0.016467     -0.019144
19911031      -0.008837      0.011860
19911129      -0.031390     -0.043928
19911231       0.158951      0.111588
19920131       0.110519     -0.019900
19920228      -0.020482      0.009565
19920331       0.006150     -0.021832
19920430       0.015159      0.027893
19920529      -0.004843      0.000964
19920630      -0.104623     -0.017359
19920731       0.106522      0.039374
19920831      -0.074074     -0.023998
19920930       0.053333      0.009106
19921030       0.076456      0.002106
19921130       0.026005      0.030262
19921231      -0.011521      0.010108
19930129      -0.067133      0.007046
19930226       0.045226      0.010484
19930331      -0.040865      0.018697
19930430      -0.009524     -0.025417
19930528       0.000000      0.022717
19930630       0.058524      0.000755
19930730      -0.056538     -0.005327
19930831      -0.007692      0.034432
19930930      -0.018088     -0.009988
19931029       0.148632      0.019393
19931130       0.046083     -0.012911
19931231       0.004405      0.010091
19940131       0.049298      0.032501
19940228      -0.033613     -0.030045
19940331      -0.069565     -0.045746
19940429       0.068879      0.011531
19940531      -0.008791      0.012419
19940630      -0.053215     -0.026812
19940729       0.051054      0.031467
19940831       0.091928      0.037643
19940930      -0.020534     -0.026898
19941031       0.060377      0.020834
19941130      -0.005964     -0.039505
19941230      -0.008000      0.012299
19950131       0.056048      0.024278
19950228       0.021113      0.036074
19950331      -0.003759      0.027329
19950428       0.060000      0.027960
19950531       0.028623      0.036312
19950630       0.000000      0.021279
19950731      -0.036174      0.031776
19950831       0.007260     -0.000320
19950929       0.109910      0.040098
19951031       0.057143     -0.004979
19951130       0.067901      0.041049
19951229      -0.040462      0.017444
19960131       0.016867      0.032617
19960229      -0.023810      0.006934
19960329       0.033537      0.007917
19960430       0.001770      0.013431
19960531       0.039941      0.022853
19960628       0.031294      0.002257
19960731      -0.010207     -0.045748
19960830      -0.004202      0.018814
19960930       0.097046      0.054173
19961031       0.020000      0.026131
19961129       0.098485      0.073376
19961231      -0.010345     -0.021505
19970131       0.074983      0.061317
19970228       0.038919      0.005928
19970331      -0.044745     -0.042614
19970430       0.099782      0.058406
19970530       0.096421      0.058577
19970630       0.024479      0.043453
19970731       0.080566      0.078123
19970829      -0.124897     -0.057446
19970930       0.037559      0.053154
19971031      -0.011729     -0.034478
19971128       0.120404      0.044587
19971231       0.047580      0.015732
19980130      -0.014847      0.010150
19980227       0.082935      0.070449
19980331      -0.005891      0.049946
19980430      -0.022933      0.009076
19980529       0.020532     -0.018826
19980630       0.085693      0.039438
19980731      -0.125216     -0.011615
19980831      -0.036220     -0.145797
19980930      -0.070261      0.062396
19981030       0.250931      0.080294
19981130      -0.011980      0.059126
19981231       0.042083      0.056375
19990129      -0.001670      0.041009
19990226      -0.015131     -0.032283
19990331       0.094274      0.038794
19990430      -0.039209      0.037944
19990528      -0.004664     -0.024970
19990630      -0.044177      0.054438
19990730       0.018291     -0.032046
19990831       0.095928     -0.006254
19990930      -0.055416     -0.028552
19991029       0.122080      0.062539
19991130       0.034565      0.019062
19991231       0.009793      0.057844
20000131      -0.074661     -0.050904
20000229      -0.130489     -0.020108
20000331      -0.357041      0.096720
20000428       0.063186     -0.030796
20000531       0.112971     -0.021915
20000630      -0.139098      0.023934
20000731      -0.000437     -0.016341
20000831       0.086813      0.060699
20000929       0.083923     -0.053483
20001031       0.071455     -0.004949
20001130       0.048119     -0.080069
20001229       0.047579      0.004053
20010131      -0.079649      0.034637
20010228      -0.018653     -0.092291
20010330      -0.112057     -0.064205
20010430      -0.035144      0.076814
20010531       0.069775      0.005090
20010629      -0.006849     -0.025004
20010731       0.119122     -0.010772
20010831       0.044072     -0.064108
20010928      -0.018341     -0.081723
20011031       0.018821      0.018099
20011130       0.049878      0.075176
20011231       0.021559      0.007574
20020131       0.037028     -0.015574
20020228       0.038075     -0.020766
20020328       0.062507      0.036739
20020430       0.006105     -0.061418
20020531      -0.007866     -0.009081
20020628       0.005430     -0.072465
20020731       0.001120     -0.078995
20020830      -0.003821      0.004881
20020930       0.008235     -0.110013
20021031      -0.005818      0.086436
20021129      -0.044319      0.057070
20021231       0.016681     -0.060333
20030131       0.000465     -0.027415
20030228      -0.043356     -0.017004
20030331       0.087833      0.008358
20030430       0.013588      0.081044
20030530       0.021925      0.050899
20030630      -0.028752      0.011322
20030731      -0.009587      0.016224
20030829      -0.006601      0.017873
20030930       0.063352     -0.011944
20031031       0.063833      0.054962
20031128      -0.020857      0.007129
20031231       0.037822      0.050765
20040130       0.016570      0.017276
20040227       0.014147      0.012209
20040331       0.023120     -0.016359
20040430       0.013063     -0.016791
20040528       0.019574      0.012083
20040630       0.009831      0.017989
20040730      -0.037472     -0.034291
20040831       0.073250      0.002287
20040930      -0.033053      0.009364
20041029      -0.049704      0.014014
20041130       0.044939      0.038595
20041231       0.029918      0.032458
20050131      -0.029049     -0.025290
20050228      -0.002630      0.018903
20050331      -0.001695     -0.019118
20050429       0.026981     -0.020109
20050531       0.018467      0.029952
20050630      -0.043518     -0.000143
20050729       0.059905      0.035968
20050831      -0.002696     -0.011222
20050930       0.071738      0.006949
20051031      -0.053649     -0.017741
20051130       0.021432      0.035186
20051230       0.012065     -0.000952
20060131       0.028162      0.025467
20060228       0.011818      0.000453
20060331      -0.038378      0.011065
20060428       0.015443      0.012187
20060531      -0.068030     -0.030917
20060630       0.024885      0.000087
20060731       0.016367      0.005086
20060831       0.101424      0.021274
20060929       0.001292      0.024566
20061031       0.027751      0.031508
20061130      -0.009465      0.016467
20061229       0.023571      0.012616
20070131       0.014159      0.014059
20070228      -0.021273     -0.021846
20070330      -0.005198      0.009980
20070430       0.025174      0.043291
20070531      -0.013199      0.032549
20070629      -0.037136     -0.017816
20070731       0.016669     -0.031982
20070831       0.055771      0.012864
20070928       0.077017      0.035794
20071031      -0.006682      0.014822
20071130       0.064442     -0.044043
20071231      -0.007838     -0.008628
20080131      -0.104195     -0.061163
20080229       0.011617     -0.034761
20080331       0.058779     -0.005960
20080430      -0.037391      0.047547
20080530      -0.014914      0.010674
20080630      -0.079334     -0.085962
20080731       0.083374     -0.009859
20080829       0.065516      0.012191
20080930      -0.001147     -0.090791
20081031      -0.068159     -0.169425
20081128      -0.002944     -0.074849
20081231      -0.039316      0.007822
20090130      -0.111938     -0.085657
20090227      -0.116147     -0.109931
20090331      -0.022421      0.085405
20090430       0.059248      0.093925
20090529       0.050566      0.053081
20090630      -0.016173      0.000196
20090731       0.094912      0.074142
20090831      -0.025221      0.033560
20090930       0.070412      0.035723
20091030       0.008978     -0.019762
20091130       0.075000      0.057364
20091231      -0.027586      0.017771
20100129       0.022431     -0.036974
20100226       0.028107      0.028514
20100331      -0.000158      0.058796
20100430      -0.009929      0.014759
20100528      -0.017214     -0.081976
20100630      -0.018170     -0.053882
20100730       0.027706      0.068778
20100831      -0.024362     -0.047449
20100930       0.005028      0.087551
20101029       0.068064      0.036856
20101130      -0.039327     -0.002290
20101231       0.053381      0.065300
